[gd_scene load_steps=4 format=3 uid="uid://yhec18mn1hsq"]

[ext_resource type="PackedScene" uid="uid://c4l4dgchg6d64" path="res://player.tscn" id="1_ig7tw"]

[sub_resource type="BoxShape3D" id="BoxShape3D_4xowi"]
size = Vector3(60, 2, 60)

[sub_resource type="BoxMesh" id="BoxMesh_a202f"]
size = Vector3(60, 2, 60)

[node name="Main" type="Node"]

[node name="Ground" type="StaticBody3D" parent="."]
transform = Transform3D(1, 0, 0, 0, 1, 0, 0, 0, 1, 0, -1, 0)

[node name="CollisionShape3D" type="CollisionShape3D" parent="Ground"]
shape = SubResource("BoxShape3D_4xowi")

[node name="MeshInstance3D" type="MeshInstance3D" parent="Ground"]
mesh = SubResource("BoxMesh_a202f")

[node name="DirectionalLight3D" type="DirectionalLight3D" parent="."]
transform = Transform3D(1, 0, 0, 0, -0.5, 0.866026, 0, -0.866026, -0.5, 0, 17, 0)
shadow_enabled = true

[node name="Player" parent="." instance=ExtResource("1_ig7tw")]
transform = Transform3D(1, 0, 0, 0, 1, 0, 0, 0, 1, 0, 2.43704, 0)

[node name="CameraPivot" type="Marker3D" parent="."]
transform = Transform3D(1, 0, 0, 0, 0.258819, 0.965926, 0, -0.965926, 0.258819, 8.72095, 6, 0)

[node name="Camera3D" type="Camera3D" parent="CameraPivot"]
transform = Transform3D(-0.98672, 0.0159749, -0.161643, -0.144678, 0.365934, 0.919326, 0.0738368, 0.930503, -0.358764, -9.83761, 15.0906, -4.04351)
fov = 81.5625
