[gd_scene load_steps=3 format=3 uid="uid://vu1bmd1o7de3"]

[ext_resource type="PackedScene" uid="uid://dmqgbgl01u4po" path="res://addons/kaykit_character_pack_adventures/Characters/gltf/Knight.glb" id="1_owtlo"]
[ext_resource type="Script" uid="uid://dpu6hble3hm3p" path="res://knightAnimations.cs" id="3_np0bx"]

[node name="Knight" instance=ExtResource("1_owtlo")]

[node name="Skeleton3D" parent="Rig" index="0"]
bones/0/rotation = Quaternion(-1.72064e-08, 0.5, 2.98023e-08, 0.866025)
bones/1/position = Vector3(-1.77636e-15, 0.437159, -4.23516e-22)
bones/1/rotation = Quaternion(0.0956123, -0.00668597, -0.0694353, 0.992971)
bones/2/rotation = Quaternion(0.131795, -0.034202, 0.0443258, 0.989695)
bones/3/rotation = Quaternion(0.0529207, -0.150876, 0.0922382, 0.982816)
bones/4/position = Vector3(0.212007, 0.124592, -0.0490813)
bones/4/rotation = Quaternion(-0.766799, -0.289014, -0.464572, 0.335653)
bones/5/rotation = Quaternion(1.96126e-07, -1.395e-08, -0.775549, 0.631288)
bones/7/rotation = Quaternion(-0.0416449, -0.406493, 0.110443, 0.905998)
bones/8/position = Vector3(6.04395e-08, 0.0961251, -0.0575)
bones/8/rotation = Quaternion(-0.0405038, 0.0508434, -0.467957, 0.881357)
bones/14/position = Vector3(-0.186377, 0.11176, -0.0421582)
bones/14/rotation = Quaternion(-0.762588, 0.364276, 0.439839, 0.303815)
bones/15/rotation = Quaternion(8.56639e-08, 5.6792e-08, 0.397211, 0.917727)
bones/17/rotation = Quaternion(-0.303072, 0.36605, 0.241114, 0.846179)
bones/18/position = Vector3(-8.3483e-10, 0.0961251, -0.0574999)
bones/18/rotation = Quaternion(-0.112592, 0.0794585, 0.322409, 0.936516)
bones/21/rotation = Quaternion(-0.13845, -0.0995747, 0.0719429, 0.982721)
bones/24/position = Vector3(0.170945, 0.113587, 0.1)
bones/24/rotation = Quaternion(0.86309, 0.0495873, 0.022599, 0.502103)
bones/25/rotation = Quaternion(0.259184, 5.57912e-08, -1.42373e-07, 0.965828)
bones/26/rotation = Quaternion(-0.618582, 0.0104177, -0.0125572, 0.785551)
bones/27/rotation = Quaternion(-4.36044e-08, 0.920355, -0.391084, 7.77012e-08)
bones/28/position = Vector3(-0.170945, 0.113587, -0.1)
bones/28/rotation = Quaternion(0.999444, 0.0315419, -0.00780925, 0.00749746)
bones/29/rotation = Quaternion(0.553247, -6.38389e-08, 3.69287e-07, 0.833017)
bones/30/rotation = Quaternion(-0.0717056, -0.0352191, -0.0125441, 0.996725)
bones/31/rotation = Quaternion(2.39304e-08, 0.920355, -0.391084, -7.20549e-08)
bones/32/position = Vector3(0.170945, 0.29231, 0.575812)
bones/32/rotation = Quaternion(0.707107, -2.39839e-07, -3.55185e-08, 0.707107)
bones/33/position = Vector3(0.170945, 0.350856, 0.598769)
bones/33/rotation = Quaternion(-0.94525, -2.75169e-08, -1.00385e-07, 0.326347)
bones/34/position = Vector3(4.55695e-09, 0.362833, -2.42861e-15)
bones/34/rotation = Quaternion(-1.45184e-08, -7.45058e-09, 1, -4.88191e-10)
bones/35/rotation = Quaternion(-1.09882e-07, 0.391084, 0.920355, -1.6257e-08)
bones/37/rotation = Quaternion(1, -1.44977e-08, 1.95433e-07, 1.86264e-09)
bones/39/position = Vector3(-0.170945, 0.29231, 0.575812)
bones/39/rotation = Quaternion(0.707107, -4.87752e-08, 1.55545e-07, 0.707107)
bones/40/position = Vector3(-0.170945, 0.138444, -0.475788)
bones/40/rotation = Quaternion(0.200462, -1.00524e-07, 3.11785e-08, 0.979702)
bones/41/rotation = Quaternion(7.25382e-09, -1.35037e-22, 1, 4.60692e-10)
bones/42/position = Vector3(1.86541e-08, 0.213436, 2.14539e-08)
bones/42/rotation = Quaternion(-9.90067e-08, 0.391084, 0.920355, -2.83689e-08)
bones/43/position = Vector3(-6.31127e-09, 0.16565, -3.00468e-08)
bones/44/rotation = Quaternion(1, 1.66275e-09, 1.97787e-07, 3.2375e-16)
bones/46/position = Vector3(1.08793, 0.706761, 0.0332676)
bones/46/rotation = Quaternion(-0.696364, -0.122788, -0.122788, 0.696364)
bones/47/position = Vector3(0.386399, 0.9046, 0.522326)
bones/47/rotation = Quaternion(0.510202, 0.371507, 0.701652, 0.330697)
bones/48/position = Vector3(-0.208121, 0.906761, -0.792704)
bones/48/rotation = Quaternion(-0.696364, -0.122788, -0.122788, 0.696364)
bones/49/position = Vector3(-0.516082, 0.9046, -0.0382843)
bones/49/rotation = Quaternion(-0.755235, 0.475195, 0.426899, -0.14686)

[node name="1H_Sword_Offhand" parent="Rig/Skeleton3D" index="0"]
transform = Transform3D(-0.461087, 0.540935, 0.70341, 0.878855, 0.387839, 0.277836, -0.122518, 0.746303, -0.654232, 0.738818, 0.830154, 0.074459)

[node name="Badge_Shield" parent="Rig/Skeleton3D" index="1"]
transform = Transform3D(-0.461086, 0.540937, 0.70341, 0.878856, 0.387837, 0.277837, -0.122516, 0.746303, -0.654232, 0.848469, 0.873465, -0.0275262)

[node name="Rectangle_Shield" parent="Rig/Skeleton3D" index="2"]
transform = Transform3D(-0.461086, 0.540937, 0.70341, 0.878856, 0.387837, 0.277837, -0.122516, 0.746303, -0.654232, 0.848469, 0.873465, -0.0275262)

[node name="Round_Shield" parent="Rig/Skeleton3D" index="3"]
transform = Transform3D(-0.461086, 0.540937, 0.70341, 0.878856, 0.387837, 0.277837, -0.122516, 0.746303, -0.654232, 0.848469, 0.873465, -0.0275262)

[node name="Spike_Shield" parent="Rig/Skeleton3D" index="4"]
transform = Transform3D(-0.461086, 0.540937, 0.70341, 0.878856, 0.387837, 0.277837, -0.122516, 0.746303, -0.654232, 0.848469, 0.873465, -0.0275262)

[node name="1H_Sword" parent="Rig/Skeleton3D" index="5"]
transform = Transform3D(-0.0759529, 0.549013, 0.832355, 0.994007, 0.107498, 0.0197989, -0.0786063, 0.828871, -0.553888, -0.235141, 0.820695, 0.569427)

[node name="2H_Sword" parent="Rig/Skeleton3D" index="6"]
transform = Transform3D(-0.0759529, 0.549013, 0.832355, 0.994007, 0.107498, 0.0197989, -0.0786063, 0.828871, -0.553888, -0.235141, 0.820695, 0.569427)

[node name="Knight_Helmet" parent="Rig/Skeleton3D" index="7"]
transform = Transform3D(0.936329, 0.0820754, 0.341397, 0.00314932, 0.970294, -0.241906, -0.351111, 0.227579, 0.908256, 0.277053, 1.16769, 0.167509)

[node name="Knight_Cape" parent="Rig/Skeleton3D" index="8"]
transform = Transform3D(0.825111, 0.3243, 0.462624, -0.0552297, 0.861224, -0.505215, -0.562265, 0.391308, 0.728517, 0.270868, 1.17048, 0.163328)

[node name="AnimationPlayer" parent="." index="1"]
script = ExtResource("3_np0bx")
