[gd_scene load_steps=3 format=3 uid="uid://vu1bmd1o7de3"]

[ext_resource type="PackedScene" uid="uid://dmqgbgl01u4po" path="res://addons/kaykit_character_pack_adventures/Characters/gltf/Knight.glb" id="1_owtlo"]
[ext_resource type="Script" uid="uid://cskmomj2oyj5l" path="res://Knight.cs" id="2_26ldq"]

[node name="Knight" instance=ExtResource("1_owtlo")]
script = ExtResource("2_26ldq")

[node name="Skeleton3D" parent="Rig" index="0"]
bones/1/position = Vector3(0, 0.505664, 0)
bones/4/rotation = Quaternion(-0.66496, -0.342638, -0.371776, 0.549736)
bones/5/rotation = Quaternion(1.73128e-08, -4.91943e-08, -0.565066, 0.825046)
bones/7/rotation = Quaternion(-0.0903297, 0.0475687, 0.490328, 0.865538)
bones/8/position = Vector3(8.34843e-10, 0.0961252, -0.0575)
bones/8/rotation = Quaternion(1.60975e-09, 1.60975e-09, -0.707107, 0.707107)
bones/14/rotation = Quaternion(-0.648873, 0.371761, 0.396845, 0.532232)
bones/15/rotation = Quaternion(1.89229e-08, 5.5888e-08, 0.503737, 0.863857)
bones/17/rotation = Quaternion(-0.019009, -0.0926946, -0.456722, 0.884563)
bones/18/position = Vector3(1.40663e-08, 0.0961251, -0.0575)
bones/18/rotation = Quaternion(-2.34153e-09, 7.60989e-09, 0.707107, 0.707107)
bones/24/position = Vector3(0.170945, 0.113587, 1.78556e-08)
bones/24/rotation = Quaternion(0.950662, 0.0237117, 0.0259239, 0.308232)
bones/25/rotation = Quaternion(0.608791, 5.14425e-08, -4.22413e-07, 0.79333)
bones/26/rotation = Quaternion(-0.363618, -0.0475206, 0.0176469, 0.930168)
bones/27/rotation = Quaternion(-3.03504e-08, 0.920355, -0.391084, 7.15634e-08)
bones/28/position = Vector3(-0.170945, 0.113587, 1.78556e-08)
bones/28/rotation = Quaternion(0.900569, -0.0288551, -0.0415207, 0.431763)
bones/29/rotation = Quaternion(0.81427, -4.17152e-08, 5.67587e-07, 0.580487)
bones/30/rotation = Quaternion(-0.593811, 0.0506598, -0.0444155, 0.801779)
bones/31/rotation = Quaternion(2.88291e-08, 0.920355, -0.391084, -6.9174e-08)
bones/32/rotation = Quaternion(0.707107, -2.29302e-07, -4.60552e-08, 0.707107)
bones/33/position = Vector3(0.210945, 0.0588607, 0.163613)
bones/33/rotation = Quaternion(-0.420781, 0.0183716, 0.0395617, 0.906113)
bones/34/position = Vector3(3.43593e-08, 0.362833, -2.42861e-15)
bones/34/rotation = Quaternion(7.10544e-15, -1.49012e-08, 1, 1.05879e-22)
bones/35/rotation = Quaternion(-1.026e-07, 0.391084, 0.920355, -2.99279e-08)
bones/36/position = Vector3(-6.31128e-09, 0.16565, 5.63557e-09)
bones/37/rotation = Quaternion(1, -1.69494e-15, 1.94009e-07, 1.86265e-09)
bones/39/rotation = Quaternion(0.707107, -3.82385e-08, 1.45009e-07, 0.707107)
bones/40/position = Vector3(-0.210945, 0.16799, 0.225909)
bones/40/rotation = Quaternion(-0.511457, -0.0223308, -0.0374699, 0.858201)
bones/41/position = Vector3(3.43593e-08, 0.362833, 2.42861e-15)
bones/41/rotation = Quaternion(7.10544e-15, 7.45058e-09, 1, -9.31323e-10)
bones/42/position = Vector3(3.75294e-09, 0.213436, 1.07269e-08)
bones/42/rotation = Quaternion(-1.00542e-07, 0.391084, 0.920355, -2.70299e-08)
bones/43/position = Vector3(-6.31127e-09, 0.16565, -2.00878e-08)
bones/44/rotation = Quaternion(1, -2.45728e-15, 1.95173e-07, 1.49012e-08)
bones/46/rotation = Quaternion(-0.707107, -7.27951e-08, -7.27951e-08, 0.707107)
bones/47/position = Vector3(0.620841, 1.16414, 0.0512295)
bones/47/rotation = Quaternion(0.634877, 0.311373, 0.477453, -0.521551)
bones/48/rotation = Quaternion(-0.707107, -7.27951e-08, -7.27951e-08, 0.707107)
bones/49/position = Vector3(-0.639244, 1.16225, 0.0597369)
bones/49/rotation = Quaternion(-0.58593, 0.348826, 0.456309, 0.571654)

[node name="1H_Sword_Offhand" parent="Rig/Skeleton3D" index="0"]
transform = Transform3D(-0.893399, 0.35017, 0.281454, 0.262062, -0.102666, 0.959574, 0.364911, 0.931042, -4.51502e-05, 0.755618, 1.08031, 0.0762043)

[node name="Badge_Shield" parent="Rig/Skeleton3D" index="1"]
transform = Transform3D(-0.893399, 0.350172, 0.281454, 0.262061, -0.102666, 0.959574, 0.364913, 0.931041, -4.47143e-05, 0.799492, 1.22989, 0.0761973)

[node name="Rectangle_Shield" parent="Rig/Skeleton3D" index="2"]
transform = Transform3D(-0.893399, 0.350172, 0.281454, 0.262061, -0.102666, 0.959574, 0.364913, 0.931041, -4.47143e-05, 0.799492, 1.22989, 0.0761973)

[node name="Round_Shield" parent="Rig/Skeleton3D" index="3"]
transform = Transform3D(-0.893399, 0.350172, 0.281454, 0.262061, -0.102666, 0.959574, 0.364913, 0.931041, -4.47143e-05, 0.799492, 1.22989, 0.0761973)

[node name="Spike_Shield" parent="Rig/Skeleton3D" index="4"]
transform = Transform3D(-0.893399, 0.350172, 0.281454, 0.262061, -0.102666, 0.959574, 0.364913, 0.931041, -4.47143e-05, 0.799492, 1.22989, 0.0761973)

[node name="1H_Sword" parent="Rig/Skeleton3D" index="5"]
transform = Transform3D(0.930476, -0.340204, 0.135915, 0.103065, -0.112927, -0.988243, 0.351554, 0.933545, -0.0700126, -0.793598, 1.08925, 0.0939675)

[node name="2H_Sword" parent="Rig/Skeleton3D" index="6"]
transform = Transform3D(0.930476, -0.340204, 0.135915, 0.103065, -0.112927, -0.988243, 0.351554, 0.933545, -0.0700126, -0.793598, 1.08925, 0.0939675)

[node name="Knight_Helmet" parent="Rig/Skeleton3D" index="7"]
transform = Transform3D(1, -2.20965e-22, 1.69407e-21, 2.20965e-22, 1, 0, -1.69407e-21, 3.58732e-43, 1, 4.76837e-07, 1.31589, -1.08542e-07)

[node name="Knight_Cape" parent="Rig/Skeleton3D" index="8"]
transform = Transform3D(1, 1.25214e-21, 0, -1.25214e-21, 1, 0, 0, 0, 1, 0, 1.31589, -1.4066e-07)

[node name="AnimationPlayer" parent="." index="1"]
unique_name_in_owner = true
